Unkari: ( this NEEDS to be fixed ) DONE!

(+36 1) 4 242 242
+36 (20) 611 8463
+36 - 30/9285 323
+36 20/249-0391
06/70-428-83-95
+36-1-784-25-57
+36/20-535-2030
+36 (20) 238 99 56
+36-30/904-3229
+36 (52) 417-847

bulgaria:  (fixed)
+359 (0) 73 885700
+359 (0) 878 647052
 +359 (0) 2 958 95 19
+359 2 970 54 00
+359 2 40 14 100
+359 2/ 816 5000
(+359 2) 989 21 94
(+359 2) 963 1709
(+359 2) 9805610
(+359) 29300632
(+359) 879930034
(+359) 897 880 023
(+359 2) 989 21 94
+3592 932 09 33

NL:
+31 6 22 52 97 45
+31(0)43-387 6650
+31 (0) 85 130 78 66
+31 (0)182 612 345
+31 (0)20 624 6811
+31 (0)73 6 232 000
+31 (0)6 42 32 7770
+31 (0)10 - 479 15 11
+31 (0)40 - 304 1519
 +31 (0)73-6131763
+31 (0)76 8866 997
 +31 (0)40 8416789




Italia:  # not necessary, error rate < 1%
+39 011 63.99.254
39 0431 - 1945240
+39.02.57.44.55.00
+39.02.57.44.54.99
(+39) 0544 97 33 06
+390(81)8015522
+39 02 487 05 893
+39 06 44 70 3820
+39.011.27.67.156
+390934591313
+39 393 41 07 159
+39 06 71.35.60.98
+39 393 11 28 097
+39 (0) 45 6200905
+39 335 68.09.099
+39 02 36 56 54 49

Fr  ("error rate" at 1%)
+33 (0) 1 40 17 17 75
 +33 (0)3 80 28 97 58
+33 18 62 60 20 4
+33(0)4.91.23.22.21
 +33 (0)3 20 256 980
+33 (0) 972 3537 17


UK (en)
+44 (0) 20 8546 9826
+44 7831 569940
+44(1757)228374
+442081338769
+442036080424
+44 (0)1474 813434
+44 15395 60426
+44 (0)20 7451 4344
+44(0) 7515 663 160
+6(0)3 6241 0816
+44 1293 859115

Ireland
+353-1-481-1716
+353 (0) 1 960 9023
+353 1 524 0257
+353 1 5240257
+353 1 205 7500
+353 (0)1 887 2200
+353 1661 9045
 +353 1 6522902 
+353 91 753222


fi
+358 9 6963 701
+358 9 4257 9286
 +358 50 5651 730
+358 (0)20 722 9322
+358 40 8600 505
+358 40 5033 539
+358 (0) 800 150 63